0 left_hip_pitch_joint 0.0 -2.3499996662139893 3.049999952316284
1 right_hip_pitch_joint 0.0 -2.3499996662139893 3.049999952316284
2 torso_joint 0.0 -2.618000030517578 2.618000030517578
3 left_hip_roll_joint 0.0 -0.25999996066093445 2.5299997329711914
4 right_hip_roll_joint 0.0 -2.5299997329711914 0.25999996066093445
5 left_shoulder_pitch_joint 0.0 -2.967099666595459 2.7924997806549072
6 right_shoulder_pitch_joint 0.0 -2.967099666595459 2.7924997806549072
7 left_hip_yaw_joint 0.0 -2.749999761581421 2.749999761581421
8 right_hip_yaw_joint 0.0 -2.749999761581421 2.749999761581421
9 left_shoulder_roll_joint 0.0 -1.5881999731063843 2.251499652862549
10 right_shoulder_roll_joint 0.0 -2.251499652862549 1.5881999731063843
11 left_knee_joint 0.0 -0.3348899781703949 2.5448997020721436
12 right_knee_joint 0.0 -0.3348899781703949 2.5448997020721436
13 left_shoulder_yaw_joint 0.0 -2.618000030517578 2.618000030517578
14 right_shoulder_yaw_joint 0.0 -2.618000030517578 2.618000030517578
15 left_ankle_pitch_joint 0.0 -0.6799999475479126 0.7299999594688416
16 right_ankle_pitch_joint 0.0 -0.6799999475479126 0.7299999594688416
17 left_elbow_pitch_joint 0.0 -0.22679997980594635 3.420799732208252
18 right_elbow_pitch_joint 0.0 -0.22679997980594635 3.420799732208252
19 left_ankle_roll_joint 0.0 -0.26179996132850647 0.26179996132850647
20 right_ankle_roll_joint 0.0 -0.26179996132850647 0.26179996132850647
21 left_elbow_roll_joint 0.0 -2.094299793243408 2.094299793243408
22 right_elbow_roll_joint 0.0 -2.094299793243408 2.094299793243408
23 left_five_joint 0.0 -1.8399999141693115 0.30000001192092896
24 left_three_joint 0.0 -1.8399999141693115 0.30000001192092896
25 left_zero_joint 0.0 -0.5235979557037354 0.5235979557037354
26 right_five_joint 0.0 -0.30000001192092896 1.8399999141693115
27 right_three_joint 0.0 -0.30000001192092896 1.8399999141693115
28 right_zero_joint 0.0 -0.5235979557037354 0.5235979557037354
29 left_six_joint 0.0 -1.8399999141693115 0.0
30 left_four_joint 0.0 -1.8399999141693115 0.0
31 left_one_joint 0.0 -0.9999999403953552 1.2000000476837158
32 right_six_joint 0.0 0.0 1.8399999141693115
33 right_four_joint 0.0 0.0 1.8399999141693115
34 right_one_joint 0.0 -1.2000000476837158 0.9999999403953552
35 left_two_joint 0.0 0.0 1.8399999141693115
36 right_two_joint 0.0 -1.8399999141693115 0.0



0 left_hip_pitch_joint
1 right_hip_pitch_joint


11 left_knee_joint
12 right_knee_joint
